-201.592482
-212.725053
-216.229078
-211.731351
-212.062268
-211.811645
-211.889375
-211.743256
-211.632853
-210.201520
-212.067254
-211.661126
-211.557671
-209.939154
-211.906435
-213.249357
-212.508437
-212.297751
-205.466890
-216.673391
-213.418118
-213.137504
-212.121775
-211.745412
-212.803640
-216.476011
-215.716321
-213.974944
-212.053850
-216.347881
-212.181508
-212.876395
-210.442273
-213.137465
-213.097825
-215.474045
-212.672155
-211.343404
-208.572753
-213.804939
-212.617590
-213.045007
-212.459018
-211.758104
-212.737215
-212.513056
-207.521591
-214.617725
-212.880001
-212.880769
-208.922943
-213.987955
-212.115612
-212.019854
-210.523109
-209.386826
-214.025507
-210.538166
-211.832588
-237.928061
-213.530866
-209.483419
-212.281737
-230.210281
-212.599628
-212.669127
-211.649183
-211.379888
-213.085470
-224.835942
-211.810376
-219.342361
-212.260910
-214.100721
-211.429586
-210.660311
-214.319705
-212.988768
-208.219241
-203.773405
-211.630500
-212.623817
-205.772223
-212.357576
-211.151494
-213.942855
-212.580842
-213.023308
-212.888545
-213.789238
-201.293077
-213.826167
-209.459488
-227.293955
-212.149855
-213.465210
-211.743320
-212.935860
-213.005452
-214.569575
-211.791347
-210.872531
-209.640079
-212.868775
-217.433252
-216.099140
-212.822944
-209.750058
-214.333194
-210.109970
-212.163555
-207.779380
-210.608717
-219.964828
-210.029413
-212.202346
-213.297445
-244.172777
-212.738976
-206.441252
-213.218953
-213.766777
-155.575877
-211.435678
-213.153169
-215.877722
-212.557819
-210.313627
-212.107067
-215.505133
-212.953008
-214.332478
-211.968458
-210.514388
-210.873308
-213.028144
-214.458154
-211.571722
-213.736736
-212.790592
-207.957247
-211.232626
-217.503829
-214.640534
-213.152470
-214.267939
-212.067494
-212.630633
-218.892574
-211.191331
-211.538509
-49.754273
-212.503478
-211.745579
-211.773364
-209.970395
-198.932851
-210.425527
-212.694384
-217.658447
-213.205998
-212.141539
-203.801487
-212.328494
-213.028169
-212.919354
-212.444858
-213.557583
-210.517055
-213.443658
-212.508331
-212.127349
-212.633964
-212.031822
-212.247007
-143.523245
-212.084650
-218.545277
-212.946339
-215.291987
-211.850911
-212.414222
-212.522907
-213.280004
-213.802457
-212.636944
-208.833283
-214.279003
-212.775862
-212.324524
-207.823414
-191.998657
-212.789859
-210.148555
-214.146908
-216.585157
-211.150030
-211.790190
-190.862797
-213.203570
-214.365257
-212.531586
-213.763623
-210.838442
-208.398348
-214.731633
-207.918714
-211.603212
-204.598191
-222.565785
-212.154602
-213.505719
-211.050843
-212.352488
-211.476779
-211.604936
-210.644356
-212.533946
-211.932868
-212.688966
-212.237621
-213.565090
-213.462527
-211.845428
-205.604606
-212.708109
-199.426621
-212.660427
-214.083068
-211.982556
-213.070597
-213.125582
-211.692733
-211.382984
-212.681337
-213.645219
-211.631064
-214.357956
-212.983952
-210.521269
-211.070364
-213.346206
-217.899362
-251.329714
-213.565972
-214.796564
-210.028858
-212.708162
-213.417735
-214.596627
-191.472435
-226.479385
-212.156921
-210.965059
-212.970259
-212.986172
-211.776260
-182.101331
-211.957940
-212.985700
-212.408828
-211.790822
-212.006174
-213.421007
-213.751584
-211.071155
-212.997655
-211.876054
-212.319101
-215.230243
-211.546211
-211.339139
-211.175765
-211.941380
-212.794451
-211.922439
-210.472645
-212.634610
-211.757722
-212.903302
-212.437137
-212.731546
-211.778681
-218.133429
-203.247971
-208.877893
-213.363449
-214.018884
-214.111404
-212.965150
-212.691640
-212.954223
-212.844476
-214.172047
-212.758425
-213.183474
-211.547915
-212.825833
-211.072806
-209.714101
-211.663465
-212.662834
-215.051386
-211.539854
-211.838191
-214.894650
-216.221590
-212.624274
-211.856809
-211.352892
-213.040710
-215.559904
-216.097006
-211.917434
-214.053560
-213.203240
-212.891786
-211.443082
-211.655732
-211.474152
-213.391048
-212.897977
-212.793343
-208.596991
-213.597785
-214.615173
-213.687404
-213.006237
-211.846753
-213.425173
-211.070785
-212.191484
-214.102767
-229.738192
-216.459649
-213.130726
-211.539641
-200.387317
-204.638754
-206.560649
-213.419165
-216.116977
-212.200627
-214.785788
-212.579407
-211.508343
-213.281826
-214.480639
-212.082226
-207.523647
-223.307141
-213.586223
-212.306330
-212.160673
-211.432206
-212.364633
-212.263271
-211.575925
-220.223078
-213.806079
-214.824556
-189.016332
-213.412685
-212.607925
-213.248317
-209.911721
-216.754100
-212.357371
-212.034041
-213.134596
-214.097058
-212.996335
-211.378070
-211.946770
-217.770017
-212.558915
-213.812363
-209.332294
-213.560251
-177.122394
-212.161017
-213.249875
-212.437319
-211.295250
-213.241268
-213.554209
-212.602260
-212.659461
-216.142649
-212.154151
-214.242938
-212.427336
-212.711344
-209.026092
-213.684593
-212.505648
-214.491727
-212.783584
-212.698864
-213.942909
-213.770989
-208.843304
-210.940614
-212.074587
-212.617741
-213.423311
-211.424875
-212.635982
-212.140104
-212.284035
-211.817134
-214.438877
-211.142716
-211.514355
-207.662166
-222.618647
-213.086679
-212.258788
-217.073050
-215.189996
-212.975719
-211.946273
-209.900266
-211.479042
-211.942948
-258.769503
-212.843104
-211.279293
-210.174623
-211.635683
-212.309110
-212.378214
-211.506957
-213.333024
-214.997262
-213.665341
-211.616243
-210.051206
-213.990893
-213.806412
-188.756028
-202.661949
-211.683860
-214.453894
-215.741612
-212.237761
-212.625222
-212.197377
-212.793609
-214.908013
-211.249126
-211.340516
-212.832846
-214.361450
-212.696844
-211.108332
-212.288035
-212.544997
-216.554633
-211.621866
-210.542699
-213.436852
-212.874459
-221.776315
-210.645227
-201.658915
-212.448560
-211.806601
-189.673905
-213.652817
-211.226955
-159.345347
-212.153651
-212.416449
-212.216541
-209.940293
-212.668329
-211.742509
-206.129012
-249.868866
-206.713293
-203.915657
-212.354212
-210.032192
-212.125729
-212.491645
-211.662327
-209.255259
-211.708961
-202.759030
-214.323989
-212.016828
-209.947641
-212.500962
-214.915253
-210.730621
-213.092702
-212.239410
-213.285508
-212.620902
-213.678123
-221.986650
-210.801735
-217.966425
-212.476156
-212.927435
-208.496790
-211.953096
-212.808696
-212.277448
-211.290251
-211.245642
-215.197519
-210.367082
-214.849822
-212.093678
-212.182388
-212.248016
-211.643544
-214.194201
-210.646911
-213.078960
-212.649635
-212.354773
-214.315919
-211.819326
-209.844034
-203.299799
-207.635703
-208.046747
-214.882203
-212.474543
-210.506150
-209.855951
-211.359689
-209.717213
-204.410639
-208.786435
-213.069262
-208.710744
-220.860061
-235.832761
-210.610469
-213.792093
-211.012926
-212.435480
-212.047946
-212.672830
-213.316572
-212.622912
-213.470098
-211.506038
-213.559980
-212.577865
-212.132337
-213.552737
-212.798744
-204.785243
-212.262414
-211.352438
-213.170247
-213.273306
-215.274619
-203.869442
-211.566302
-212.338377
-223.356463
-213.288767
-211.501247
-217.788596
-213.082333
-208.162679
-212.153138
-213.232431
-212.496863
-213.992755
-212.129962
-209.945785
-211.521714
-210.350831
-210.688080
-212.549211
-214.549282
-211.809573
-193.757032
-212.349742
-212.488565
-212.280761
-226.967367
-210.933674
-210.506033
-212.209143
-213.672336
-336.440007
-212.193455
-212.098590
-212.555311
-211.858364
-212.056042
-207.096514
-213.003779
-211.569840
-210.730150
-214.048158
-210.606652
-209.890598
-213.014144
-213.447698
-212.665578
-216.075446
-210.344068
-204.330903
-210.853146
-212.410423
-211.928171
-214.042178
-211.835812
-211.080728
-212.510670
-221.301826
-216.646232
-214.369831
-211.463435
-209.978586
-225.993336
-213.348654
-211.921108
-214.239252
-211.741804
-212.584789
-213.484406
-213.062913
-211.315049
-212.041416
-212.373976
-189.889175
-211.283952
-212.156301
-215.036359
-186.615671
-212.723370
-214.004573
-217.451539
-210.392869
-213.654370
-212.192190
-214.903943
-217.014558
-212.056318
-212.847833
-209.335490
-210.071947
-213.228693
-212.371144
-213.100074
-210.551089
-209.124590
-208.767422
-211.992946
-214.374159
-211.795993
-266.170453
-212.669957
-215.746067
-212.175603
-209.629722
-212.747425
-213.148835
-210.802637
-216.326782
-214.899176
-213.385459
-212.718323
-213.295570
-212.286468
-214.243578
-211.666357
-212.393574
-216.733045
-213.852747
-211.525271
-210.738976
-204.589573
-213.180949
-217.346789
-209.058509
-212.905209
-214.595053
-211.194116
-212.137407
-211.975731
-214.552432
-212.898251
-212.160947
-215.264250
-211.334100
-210.936362
-213.241667
-216.998650
-212.698175
-213.947138
-211.480839
-223.693940
-212.807144
-213.984191
-211.426114
-200.452005
-212.418061
-209.988491
-215.201735
-214.828545
-215.056194
-212.575137
-212.918196
-211.685940
-212.065785
-207.691571
-213.339399
-212.430751
-210.667822
-211.954783
-212.081868
-286.150703
-214.636107
-213.637289
-212.309953
-212.461006
-212.659195
-212.194760
-213.721466
-225.472862
-215.418291
-213.343122
-210.796703
-211.872266
-211.767331
-212.523578
-212.197613
-210.536129
-211.403130
-213.432572
-213.470725
-213.782185
-211.511603
-209.775961
-216.056657
-211.731941
-207.752645
-212.213322
-212.555020
-211.209426
-212.247641
-212.817346
-212.184392
-209.535427
-213.130990
-216.897504
-210.969737
-212.702250
-213.472624
-212.498079
-212.961418
-206.769476
-214.348394
-211.158823
-212.122047
-212.626567
-206.714650
-213.920346
-212.010615
-213.622913
-212.789540
-212.483715
-213.141883
-212.768680
-212.466292
-212.591999
-213.019028
-212.634886
-212.784379
-214.578582
-210.700349
-223.518829
-213.047930
-212.230743
-208.483757
-201.000707
-212.104512
-218.820762
-215.791909
-213.138268
-212.860542
-213.481982
-212.962573
-214.961980
-212.170796
-211.897982
-214.811867
-204.246835
-204.955725
-212.766080
-311.698841
-208.362662
-209.138071
-211.982042
-211.676352
-211.225536
-213.491098
-209.784917
-213.392543
-204.974581
-191.052971
-210.908456
-218.429787
-211.546579
-212.907332
-211.758085
-210.139396
-211.599370
-212.151192
-211.267497
-212.472397
-213.005874
-216.112551
-213.479949
-211.721598
-212.055616
-213.796693
-213.926205
-217.730234
-211.688244
-213.359838
-212.803751
-217.932858
-203.363995
-207.985417
-212.639078
-211.614839
-217.297089
-212.454986
-212.876651
-211.781682
-212.327150
-213.960341
-211.418287
-211.461502
-211.962260
-206.878951
-214.066338
-212.774501
-212.903480
-213.428284
-211.654879
-211.106666
-212.444632
-211.740706
-217.991412
-206.636290
-209.052187
-213.007405
-213.104559
-215.145049
-213.130570
-220.405400
-211.739605
-212.424904
-212.982026
-213.318361
-213.441758
-212.663673
-242.345150
-212.534819
-208.430205
-211.489884
-212.152961
-212.442441
-211.006048
-212.737307
-213.640121
-214.875860
-212.399906
-212.862087
-212.663654
-214.924023
-212.400268
-213.408140
-212.791453
-200.950076
-210.837077
-212.501201
-213.785029
-215.716554
-212.478051
-211.268760
-212.419183
-212.811981
-212.522743
-209.982568
-208.655968
-213.715696
-212.750933
-212.870926
-212.869915
-213.528792
-210.836561
-213.371871
-214.143774
-198.693658
-211.071441
-212.495749
-209.497309
-216.622339
-212.277625
-207.365804
-212.963506
-211.703817
-210.926162
-210.313936
-213.319996
-212.318327
-213.875805
-211.592420
-217.488700
-216.610012
-212.687713
-206.511602
-212.946715
-212.206489
-212.136986
-218.960179
-211.329116
-212.874240
-212.772756
-213.282266
-214.043190
-212.437790
-213.959291
-211.206572
-211.759320
-212.225734
-213.814121
-213.247138
-213.959791
-213.704652
-211.883531
-214.048864
-213.015581
-209.301807
-219.560727
-209.012862
-211.712704
-217.823978
-212.401493
-210.352547
-214.360912
-211.746980
-213.114605
-214.519437
-210.539546
-213.881059
-216.974056
-212.422447
-212.934476
-212.880923
-215.949169
-210.880539
-214.450144
-215.593017
-209.623874
-212.057239
-211.327232
-212.231458
-212.737842
-212.881219
-210.272119
-212.669783
-212.855142
-211.632310
-212.625392
-212.346911
-212.646910
-214.503349
-213.458825
-212.633074
-211.860818
-213.455648
-213.225614
-211.464849
-211.923343
-211.445081
-211.288006
-213.665759
-217.562424
-212.987054
-212.819974
-213.063414
-201.936993
-212.683209
-212.445891
-212.310559
