1.002554
1.019967
1.007678
0.935550
0.992515
0.994132
0.929555
1.010538
1.014470
0.987840
1.005315
1.021731
1.004460
0.987620
0.983188
0.923324
1.011383
0.984768
1.013679
0.962399
1.000124
1.006642
0.970392
1.008756
0.955171
0.973714
0.996230
1.007490
1.020233
1.001770
1.018521
0.989208
1.018364
1.004490
1.000119
0.981688
0.959008
1.011870
1.010684
1.002661
0.996141
0.993689
0.995053
0.992962
0.996493
0.991226
1.023427
1.003452
0.980231
0.999287
0.988055
0.998125
0.944791
0.940930
0.998598
0.984795
0.989187
1.017469
0.975051
1.002815
1.007953
1.004895
0.935871
1.015892
0.954338
0.996159
0.975539
1.009998
0.957004
1.005004
1.025227
0.963999
0.974499
1.008761
0.990717
0.981719
0.954402
0.941805
0.984999
0.964088
0.984623
0.975676
0.968664
0.977519
0.988437
0.997253
0.964922
0.956300
0.985335
1.014325
1.013225
1.006240
0.980957
0.978239
0.981584
1.006838
0.958237
0.988656
0.997955
1.007250
0.984608
0.991625
0.994637
0.987263
1.011703
1.002823
0.971175
1.004427
0.986035
0.968139
1.022338
1.012324
1.000252
0.985756
0.991992
0.942091
0.956091
0.968724
0.925280
0.991602
0.900332
0.992605
0.925853
0.967756
0.987512
0.975788
1.015099
0.968497
1.010824
0.944780
0.995775
1.028044
1.014410
0.977420
0.994440
1.002425
0.994651
1.004457
1.008932
0.990073
1.021222
0.991966
0.982056
1.014082
0.962094
1.001211
1.010107
0.982481
0.998967
1.021879
0.986486
1.011677
0.983216
0.991715
1.007208
1.008114
0.975701
1.001742
1.003302
0.992815
0.986506
0.992832
0.954692
0.986431
0.977707
0.999607
0.993226
0.986569
0.972146
0.966514
0.984780
1.002010
1.013461
1.005701
0.966708
1.029042
1.010686
1.011844
0.997400
1.010504
1.030986
0.992239
1.026054
1.009898
0.998565
1.008273
0.987221
0.969374
1.001786
1.004870
0.957384
0.989474
1.008681
0.994214
1.022848
1.001064
0.970244
0.970450
0.984224
1.021860
1.011336
1.000455
0.999496
0.986769
1.009698
0.984975
1.018051
0.997699
0.933074
0.968781
0.993049
0.997621
1.032382
0.987644
1.016094
0.984824
0.911876
0.971329
1.001967
0.999187
0.980727
0.981907
0.951973
0.970296
1.012582
0.979881
1.018933
0.987163
0.995333
1.013603
1.022886
0.990032
0.867658
0.985707
0.975774
1.028135
0.971265
0.985939
0.960493
0.951219
0.986204
0.981812
0.999498
1.009196
0.980013
0.995238
1.004893
1.017487
0.996339
0.997696
0.973488
0.965881
0.936842
0.975136
1.003637
0.987798
1.011648
0.980955
0.918899
1.004794
1.010776
0.990299
0.990865
1.009771
1.005051
0.982656
1.003166
0.949609
0.895224
0.980158
0.997440
1.005953
0.951703
0.998492
0.999957
0.998097
1.010894
1.007764
1.006119
0.983563
0.972022
0.957529
1.006334
0.955906
1.004120
0.950068
1.000093
0.954515
0.953310
0.985241
1.000700
1.002488
0.923275
0.997560
1.009023
0.976019
0.994614
0.982662
0.967960
1.009084
0.993091
0.994140
0.993411
0.978013
0.997942
0.952786
1.015813
0.931806
1.020861
1.004174
0.998247
1.008597
0.975886
0.990229
0.982681
1.004348
0.990428
0.983595
0.988925
0.989958
0.981303
1.029810
0.954104
1.022960
1.018367
0.974199
1.005227
0.962313
1.020283
1.012026
0.964008
0.988980
0.974479
0.974125
0.967349
0.992212
1.019510
0.904792
0.986703
0.970344
0.985626
1.026203
0.988271
1.024649
0.969542
0.983547
0.973169
0.954742
0.970281
1.010960
0.995150
1.016146
0.980179
0.998249
0.978073
1.004027
1.009235
1.004868
1.003112
1.026481
0.968958
0.925136
1.017767
0.978643
1.011958
0.977083
0.990342
0.987600
0.909007
0.999783
1.010093
1.002979
0.974447
1.013642
0.948132
1.015011
0.999608
0.965236
0.996285
0.929467
0.963600
0.998934
0.979035
1.000272
1.030046
0.934945
0.991726
0.987881
0.989175
0.995774
0.989547
0.977093
1.010348
1.006146
0.987108
0.965047
0.986265
0.956275
1.011801
0.976955
1.003207
1.029013
0.967982
0.932274
1.008651
0.998239
1.010407
0.982152
0.925757
1.008556
1.005062
1.028313
1.005126
1.023205
0.993876
0.971055
0.991872
0.982460
0.964893
0.991140
1.014359
0.981184
0.942966
0.975875
0.954618
0.995389
1.014704
0.995153
1.000921
1.000855
0.975045
1.017146
0.991312
1.005688
1.007161
0.996642
0.958303
0.967596
1.016480
0.980405
0.951075
0.904238
1.011138
1.015667
0.980346
0.971241
0.995197
0.983542
0.993388
0.958154
1.001659
0.966936
0.950562
0.978223
1.017175
0.987441
0.968783
0.989941
0.954175
1.005556
1.000216
0.968258
0.988634
0.994458
1.013015
1.030727
0.974300
0.987617
0.983704
0.991655
1.009095
1.014202
0.997127
0.964582
1.015773
1.000672
0.993127
1.021184
1.020770
0.972194
0.965104
0.994584
0.988036
1.004674
1.020715
1.018731
0.999371
0.998393
0.996829
1.008756
0.994531
0.994760
0.987049
0.972030
0.983041
1.000857
0.988032
0.953218
0.981347
0.989098
0.974713
0.955419
1.029226
1.004737
0.986964
0.994913
0.966249
0.923151
0.999843
0.979252
0.991108
1.001929
1.023029
0.993621
1.010187
1.012031
1.005061
1.014224
0.999018
1.024974
1.008660
0.987130
1.004192
1.016430
1.011049
1.022983
0.999606
1.005962
0.953695
0.985271
1.020599
0.973713
0.993767
1.002624
0.984222
1.004416
1.015181
0.995326
0.970490
1.019045
0.986659
1.033822
0.978284
0.971820
0.984855
0.946086
1.006572
0.953192
1.000465
1.005013
0.991683
0.957728
0.981302
1.020602
1.020717
0.983173
0.985983
1.010404
0.985595
0.977650
1.007581
0.999854
1.003609
0.959588
0.989164
1.017572
0.988773
0.983324
0.988625
1.012731
0.996532
0.983820
0.980186
1.031570
1.020958
1.014394
0.992897
0.965771
0.987865
0.995344
1.003162
0.976633
0.999212
0.999327
0.991716
1.019434
0.942795
1.020506
0.998445
0.994921
1.003710
1.000210
0.969958
0.970070
0.992587
0.960940
1.028923
0.953270
0.968899
1.014935
0.995957
0.991581
0.987480
0.972777
0.967223
1.006875
0.957572
1.004675
0.906158
1.015792
0.993549
0.939307
1.003333
0.990339
0.961338
0.991927
0.954498
1.017488
0.964017
1.010006
0.987102
1.008324
1.017563
0.974404
1.016005
0.990697
0.975574
1.009944
1.020949
0.974993
1.007618
0.985968
1.009378
1.016621
1.022605
0.966034
1.005866
1.001230
0.956311
0.987619
1.003526
1.002333
0.992221
0.999326
0.963160
1.010465
1.008901
0.965618
0.984786
1.002174
1.000246
0.980129
0.987377
1.006376
0.973063
0.998699
0.961724
1.005726
0.970147
1.007666
0.988746
1.005191
0.895664
0.996376
0.975325
0.998701
0.951037
1.008166
1.006870
1.000860
0.992442
0.923640
0.945688
1.006350
0.977803
0.966807
0.974878
0.991705
0.963248
0.977827
0.995296
0.997465
0.935752
1.010696
0.962756
1.026607
0.973442
0.960633
1.024931
0.990896
0.994670
0.990335
1.001350
0.986789
1.009821
0.995336
0.993767
1.035961
0.980701
0.972733
0.997768
1.004990
0.969986
0.976001
1.020888
1.015010
1.017650
1.013469
1.007545
1.020811
0.988487
0.985315
0.968220
0.957224
1.003106
0.973935
1.008699
0.968112
1.019219
1.004102
1.012264
0.984480
1.009721
0.983076
0.955951
0.935962
0.968881
0.993093
0.894669
0.958607
1.006146
0.948277
0.976285
0.968564
0.998892
0.986785
1.007555
1.003415
0.994098
1.007883
0.974501
0.991864
1.011899
1.011424
1.018747
1.018896
1.013628
0.916478
1.010231
1.009583
0.985814
0.989833
1.002013
0.990911
0.969902
0.945472
1.001293
1.012104
0.961472
0.989627
0.973918
0.965119
0.993372
0.981497
1.003932
0.983448
0.963536
1.021999
0.968262
0.997457
0.991521
0.972031
0.978029
1.014856
1.003994
1.006076
0.997176
0.975180
0.973321
0.991817
0.975063
0.987505
1.004282
0.953948
1.005252
0.968995
0.979843
0.977990
0.983019
0.963515
1.013129
0.956364
0.971542
0.980303
1.000884
0.961894
0.984846
0.997667
0.999433
0.967278
1.005421
0.994111
0.982186
0.999042
1.012557
0.893026
0.992587
1.011834
0.996359
1.011749
0.936135
1.002183
0.976971
0.987534
0.999708
0.970144
0.994760
0.943869
1.009955
0.955992
0.952624
1.010331
0.944697
0.982812
1.000480
0.973647
0.977300
0.997485
0.995446
0.894422
0.997163
0.947497
0.999753
1.001678
0.971843
1.004388
1.021132
1.014068
1.027081
1.021274
0.957216
1.006132
0.973677
1.009136
1.011397
0.986766
0.998459
0.953489
0.987831
0.949835
0.975877
0.961308
1.028040
0.970831
0.976944
1.012676
0.997552
0.955947
1.005569
1.022928
0.992226
0.969412
0.993153
0.977163
0.966143
0.998932
0.918996
0.956216
0.987826
1.006363
0.971633
1.004917
0.967454
0.998916
0.901650
0.976646
0.992668
1.000687
1.012635
1.016120
1.014951
0.996132
0.983092
0.972575
0.943123
0.959977
0.990881
1.001550
1.018791
0.993847
0.933407
0.973485
1.002364
1.009803
0.983379
0.988824
1.023811
0.978196
1.011508
0.965984
0.966654
1.002206
0.966525
0.983024
0.990071
0.966879
1.000657
0.992467
1.009451
0.996523
0.898619
0.951081
0.921284
1.003306
0.992888
0.977032
0.992061
0.986148
0.966065
0.981084
1.005027
1.017291
1.004079
1.016102
0.915874
1.025606
0.987749
0.952279
1.018611
0.991835
0.966429
1.007220
0.992867
1.017476
0.950081
0.961612
0.965969
1.024078
1.020205
0.987287
1.003977
0.981109
0.996668
0.969164
1.007504
1.019483
1.002357
0.966469
0.960402
0.968547
0.979000
0.964215
1.010274
1.002267
0.981685
0.990511
1.029795
0.947903
0.993724
1.006958
0.880038
0.990160
0.992035
1.013042
0.999710
0.960306
0.953083
0.994694
1.006732
0.967510
0.994527
0.936482
0.979994
1.024944
0.959421
1.003386
1.008561
0.998869
0.998444
1.026587
1.020186
0.952984
0.966310
0.978697
1.003406
0.981413
1.003978
1.007434
0.985996
0.974614
1.005211
1.001512
0.988851
0.976857
1.020158
1.018215
0.980254
0.968849
1.002300
0.988012
1.015856
0.951092
1.016498
0.982336
1.010938
0.946493
0.983332
1.005637
0.970671
1.013643
0.983937
1.012144
0.985714
0.967689
0.998927
0.990927
1.021249
0.993692
0.992241
0.998788
1.026510
0.995254
0.982660
0.942146
0.962951
1.019172
0.996843
1.002512
1.000623
0.982382
0.992480
0.987233
0.981302
1.012302
0.982567
1.032403
0.998779
0.969930
1.022445
0.926595
1.015014
1.005913
0.974301
1.005405
0.988882
0.996271
1.001980
1.001305
1.005220
0.915253
0.993190
0.969357
1.017431
0.978078
0.988342
1.013473
0.980437
1.003834
0.946025
0.967473
1.023250
0.973009
0.962910
1.003690
1.016556
0.997047
0.959582
1.019607
1.008869
0.981481
0.999741
1.019085
0.981656
0.953922
0.992182
0.980640
0.964884
0.990125
0.925648
0.985942
0.989114
0.979541
0.960734
0.981831
1.010406
0.985743
1.015466
0.992713
0.994867
1.002831
1.023853
1.005842
0.999587
0.989094
1.016654
0.969389
0.996822
0.996046
0.995580
0.960782
1.013858
1.003213
0.978881
0.985220
1.007670
0.973927
0.970401
1.011268
1.018208
0.982887
0.988027
1.020823
1.025731
1.006914
1.016915
1.011592
1.007220
1.011163
0.996139
0.981022
0.974301
1.005848
0.890533
1.000974
1.000177
0.923905
0.997780
0.961705
1.003610
1.000270
0.998108
0.971712
0.982277
1.019357
0.984595
1.000390
0.935186
0.999587
0.950830
0.987876
0.966689
1.017479
0.992196
1.006441
0.960426
1.025494
0.999188
1.024312
0.976518
0.990471
0.980328
0.971922
0.987186
0.977999
0.933468
0.985779
1.002231
0.992421
0.948126
1.012058
0.988356
0.992321
0.996931
1.001933
1.006996
0.955002
0.984121
0.990438
0.963311
1.011245
0.985349
1.026148
0.988316
1.028260
1.006026
0.986685
1.017612
0.991754
1.007156
1.020846
0.994622
1.030952
0.967839
0.956100
0.963292
0.989327
1.017330
0.943489
1.008538
0.926312
0.961659
1.002856
1.014418
0.991690
0.985845
0.948263
0.991306
0.988945
1.010925
0.989705
0.954351
1.026947
0.983356
1.011083
1.005305
0.967512
0.944173
0.885484
0.907121
0.993551
0.994830
0.983174
1.012747
0.952103
0.964257
0.988287
0.968334
0.998106
0.988707
1.020824
0.984494
0.996061
1.018102
0.989870
0.987314
1.004417
0.997022
0.993032
0.999426
0.995524
0.980599
0.985254
1.016627
0.991751
0.906518
1.015822
1.019194
1.015157
1.009260
0.980190
0.995274
1.025492
0.983744
0.991325
1.015935
0.933807
1.023155
0.999693
0.983979
1.004794
1.004621
0.947149
0.995814
1.026505
0.965290
1.029400
0.991206
0.937509
1.015384
1.011573
1.000255
1.008545
0.988251
0.951310
1.009286
0.939659
0.997234
0.995437
0.993037
1.000897
0.984322
0.967745
0.999386
1.020347
1.015410
0.983443
0.963383
0.978577
0.979603
0.979710
1.013782
1.018971
1.011897
0.995562
1.003795
1.004830
0.961480
0.978507
0.970168
0.975588
1.011561
0.963364
1.007428
1.000012
0.976967
0.991622
1.018454
0.961608
1.009600
1.006399
0.985075
1.014348
0.973171
0.992750
1.008340
1.011123
1.002375
1.007245
1.003203
0.983825
0.972395
0.982235
1.019572
0.998905
1.005757
0.984942
1.016357
1.009123
0.978366
1.000209
0.991747
1.009394
0.987752
0.982359
0.998809
0.960388
0.917936
0.977712
0.956950
0.987991
1.009334
0.998671
0.972101
0.963121
1.011426
0.993564
0.971570
0.946718
0.976152
0.981712
1.007853
0.988480
1.010916
0.982955
0.989641
1.001974
0.921540
0.989778
0.913349
0.994667
1.018791
0.973791
0.996497
1.003535
0.988703
0.970423
1.024534
1.007279
1.004698
1.014556
0.978266
0.971165
0.990991
1.022775
0.973855
0.961799
0.987501
1.021317
0.992791
0.981482
1.020477
0.960319
0.981030
0.968713
0.960600
0.961758
0.996372
0.978260
1.022253
0.997705
0.969619
0.946790
0.965345
0.993351
0.967434
0.983567
1.013374
1.001183
0.994494
0.955290
1.012237
1.018075
0.975985
0.978508
0.996427
0.998245
0.992704
0.991581
0.986531
0.956141
0.997715
0.946322
1.017329
1.006535
1.016695
0.994253
0.996765
1.022852
1.019088
0.937364
0.998598
0.942160
0.990065
0.992660
0.901363
0.986914
0.993012
0.969185
0.987539
1.008469
1.014849
0.999851
0.992317
0.995780
1.015851
1.006631
0.936382
0.970438
0.977154
1.014307
1.007703
0.983388
0.982154
0.989256
0.998299
0.993329
0.997200
1.012842
0.942638
0.976589
0.996786
0.974473
0.989983
0.974608
1.002118
0.986115
0.922491
0.974319
0.933973
0.932452
0.970640
0.964642
0.997988
0.981151
0.989371
0.992982
0.984150
0.979611
1.000513
0.996170
0.985300
0.976516
0.993840
0.998772
1.014724
0.982291
0.985740
1.019862
0.985400
0.957060
0.980669
1.001522
0.967502
0.976040
0.993885
0.998838
0.972253
0.987100
1.001436
1.021421
0.996775
0.995801
1.001646
0.926072
1.023142
0.966643
0.987769
1.001719
0.954176
1.001362
0.955640
0.944309
0.990617
0.953156
0.969003
1.002766
0.996096
0.976994
1.020771
0.987795
1.011584
1.028451
1.029288
0.990621
1.024694
0.978191
0.935778
0.979564
0.984252
0.939804
1.007670
1.021701
1.009783
0.987534
0.976458
1.000036
0.997584
0.974728
1.006810
0.985795
1.008117
1.013495
0.992943
0.996804
0.998129
0.984044
1.021182
0.984452
0.987674
1.015557
0.991424
1.020569
0.994939
0.932795
0.979451
1.007203
1.020497
1.009851
0.954896
1.013853
0.949736
0.993550
0.966556
1.000894
1.011598
1.021872
0.943715
0.999127
0.942847
0.955769
0.967465
1.007784
1.004177
1.001430
1.011678
0.970794
0.991398
0.988802
0.973748
0.972073
1.009309
0.990417
1.008484
0.998071
0.946023
0.980133
0.949511
0.999994
0.962899
0.998986
1.007317
1.011200
1.007025
0.984406
1.003540
1.003359
1.002160
0.990036
0.989382
0.980230
0.991289
0.935806
0.953740
1.000767
0.998445
0.979451
0.958851
0.945046
0.975978
1.011989
0.956660
0.992419
0.969163
1.016786
0.976755
0.929294
1.002347
0.995100
0.921317
1.007345
0.963971
1.004223
0.941996
1.011853
1.003352
0.980774
1.003787
1.010157
1.003311
0.955790
0.980511
0.988192
0.983099
1.004558
1.000987
0.988972
0.997959
0.997604
1.008656
0.948667
0.970600
1.026027
1.020668
1.023027
0.987904
0.970082
0.988318
1.008017
0.993638
1.011697
0.958535
1.026256
0.986875
1.012568
1.006466
0.996875
0.996159
0.985383
1.009262
0.981701
0.991510
1.001733
0.930323
0.999865
0.945593
1.003130
0.987401
0.995538
0.994302
1.020557
1.001701
0.980759
1.011445
0.973564
0.968951
1.012382
1.002330
0.999817
1.026891
0.960947
0.999884
1.004743
1.006775
1.002849
0.982549
0.971948
1.040494
0.967156
0.966457
1.002120
0.978313
0.941254
0.961516
0.993420
1.011652
0.999111
1.034566
1.026725
0.993126
0.969406
0.993897
1.005013
1.018184
0.990147
0.979480
0.962000
1.000973
0.973869
1.004771
1.001650
1.006564
1.013958
1.017113
0.988326
0.979939
1.004615
0.990604
0.983716
0.991154
1.016409
1.013426
0.983366
1.009470
0.988578
0.954724
0.968239
1.005536
1.010432
0.995555
0.953797
0.993812
0.992560
0.951837
1.019816
1.011904
1.007293
0.967537
0.986882
1.009177
0.984123
1.010393
0.960062
0.982295
0.930880
0.973257
0.985352
1.015106
0.983028
0.999578
0.990673
0.967372
0.997553
0.979544
0.993478
0.976821
0.969960
0.957741
0.967564
0.979921
1.017416
1.014550
1.030691
1.008229
0.989486
1.017619
1.013831
0.951127
0.962757
0.984418
1.020139
1.000333
1.015341
0.999912
0.954182
0.994257
1.016998
0.994221
1.009781
1.020124
1.013785
0.973880
0.970749
0.957676
0.998732
0.965666
0.989733
0.970615
0.960061
0.958749
1.021295
1.007401
1.001539
1.007690
1.015900
1.003330
1.000804
1.006715
0.986486
0.988006
0.959454
1.020864
1.030889
0.991882
0.997783
0.984361
0.978991
0.977485
0.957236
0.999566
0.981413
1.020258
0.984396
0.986875
0.978885
1.007645
1.010190
1.017539
1.004765
0.996060
0.967154
0.972587
0.991455
0.997458
0.991253
1.004185
0.992401
1.000830
1.007331
0.970335
0.987364
0.987852
1.007318
0.965867
0.988284
1.011535
0.981735
0.974830
1.006635
1.004509
1.011352
1.027584
0.989451
1.001133
0.995447
0.998720
0.983959
1.023675
0.987458
0.917704
0.996202
1.017420
0.994399
1.015497
1.004014
1.018870
0.896628
0.934140
0.986947
0.974658
0.974699
0.989375
1.006427
0.982577
1.018488
1.019808
1.012143
1.017285
0.960683
0.987536
1.003648
1.017787
1.010950
0.968873
0.962904
1.011860
0.982619
0.986596
0.970908
0.978390
0.976921
0.999281
0.962987
1.007546
0.993099
0.980976
1.001251
1.000002
0.976899
0.976654
1.008061
1.013315
0.965219
0.937439
0.966013
0.964722
1.005183
0.999495
1.008602
0.984423
0.999528
1.001421
0.993265
1.012059
1.013034
1.010461
0.980688
0.978802
0.986824
1.009143
0.986997
1.011409
0.982241
1.033470
0.997917
0.976776
0.945389
0.965103
1.005259
1.009156
0.973646
1.012305
0.978388
0.985706
1.006949
1.015790
1.007486
0.984789
0.979455
0.966641
0.972512
0.986190
0.987666
0.974074
1.025401
0.988177
0.978203
0.955043
0.991400
0.991493
0.974308
0.953849
0.980001
0.988373
0.972119
0.990642
0.914228
0.991646
0.998550
1.004665
0.988301
0.998433
0.948467
1.003506
1.009906
0.991712
0.941515
0.988688
1.010469
0.998637
0.950593
0.998407
1.003110
1.004575
1.001379
0.992357
1.007764
1.012497
0.981746
0.975605
0.990833
1.014433
1.023972
1.002083
1.013710
0.982470
0.987370
0.997480
0.990375
1.011548
1.030192
0.998860
0.991490
0.976431
0.991245
0.981230
1.009497
0.989260
1.004323
0.988077
1.028461
0.967532
0.996859
1.019930
1.006917
0.981662
0.979097
0.934207
0.982766
0.994470
0.946598
0.966469
0.995438
1.018558
0.989173
1.017171
1.027932
0.979237
0.947797
0.981927
0.962466
1.010031
0.993384
1.000780
0.914116
0.979538
0.973201
1.015466
0.989675
1.022936
0.995687
0.963661
0.979869
0.977411
1.009197
0.995832
0.970060
1.012035
0.986142
0.977183
0.992235
0.955542
1.016459
1.006052
0.994322
1.022584
0.989043
1.006122
1.013618
0.980401
0.985569
0.978149
0.980121
1.002080
0.992429
0.984593
0.964387
0.997077
1.010787
0.931077
1.006006
0.998555
1.001755
0.995039
0.993076
0.937391
0.986285
0.985237
0.994050
0.976120
0.977267
1.014116
0.966397
0.945728
0.982778
1.011702
1.006499
0.965367
0.990827
1.008045
0.941570
0.989763
0.982474
0.967654
0.894186
0.998551
1.000603
1.005361
0.937427
0.996668
0.943076
1.013169
1.006118
1.003393
0.988507
0.963620
0.955248
1.011769
0.974930
0.983304
0.946789
0.995172
1.007748
1.023401
0.960233
1.001014
0.994876
0.979907
0.990623
0.992988
0.990917
1.014046
1.001077
1.002007
0.994185
0.971428
1.014367
1.006303
1.018163
1.008725
0.997498
0.886318
1.013174
1.016728
0.978936
0.992740
1.020237
1.012541
0.987294
0.968205
1.018281
1.008148
1.005089
1.007382
0.964635
0.979736
0.996939
0.994630
0.966786
1.011752
0.983069
0.992842
1.006225
0.997048
0.985002
0.926576
0.977375
1.008714
1.005647
1.000635
0.994181
0.963026
0.929954
0.990552
1.004710
0.982610
0.986280
0.962859
1.003156
0.980240
0.998393
0.995031
1.023435
1.004862
0.861685
0.986429
1.001993
1.006431
0.952690
1.022485
1.003392
1.010783
1.032799
0.995339
0.994727
1.002312
0.942682
1.008595
0.986930
1.033713
1.019392
0.960516
0.974986
1.014059
1.000825
0.999773
1.026793
1.008287
0.994154
0.962955
0.998385
0.986950
1.010745
1.001796
0.955046
0.983862
0.988005
0.974068
0.969069
1.027387
1.004713
0.972452
0.952157
1.017966
0.947417
0.980291
0.986326
1.000821
1.003257
0.982559
0.960118
0.975517
0.976093
0.946583
1.003807
1.001111
1.000723
0.984995
1.007876
0.991106
0.982135
0.995440
0.943912
1.011165
0.999188
1.009360
0.988528
0.950325
1.001818
0.947979
0.987773
0.998934
0.970853
0.985770
0.995189
0.997363
0.961385
0.977247
0.991154
0.990617
0.994969
0.980736
0.950225
1.022453
1.028084
1.008860
0.993179
0.949140
1.019863
0.997175
0.989919
0.991009
0.970687
1.016033
0.995088
0.940102
1.016093
1.015789
0.954341
0.992559
1.017576
0.996965
0.962154
0.989278
0.998730
0.939827
1.015271
0.995721
1.019202
0.990502
1.009684
1.002023
0.963478
1.014816
0.960989
0.951892
1.005236
1.004228
0.993390
0.977870
1.001600
0.989400
0.964954
0.998948
1.006036
1.014762
0.950238
1.012919
1.002996
1.002401
1.000977
0.955900
0.994746
1.031169
0.999705
0.992448
0.948050
1.000044
1.007650
0.955799
0.994525
1.000593
1.023029
0.990718
0.942706
0.993544
1.017101
0.991087
0.989196
0.977099
0.985121
0.973737
1.013979
0.970156
0.991777
1.014711
1.010011
0.987969
1.001131
0.987964
0.999316
0.978835
1.030525
0.973558
0.954338
0.996805
1.028626
0.989603
0.965259
1.004125
1.016092
0.986797
1.004052
0.922924
0.944745
0.994864
0.964681
0.993137
1.004583
0.967226
0.994117
1.004995
0.994333
0.981063
1.004475
0.958612
1.000648
0.953607
1.007663
1.001480
1.019531
0.997553
0.971573
1.012353
0.901599
0.995632
0.982134
0.958362
0.919122
0.982418
0.996715
0.954256
1.031566
0.984729
0.986349
0.986862
1.008970
0.981167
0.979099
0.991866
0.994042
1.004688
0.959932
0.993714
0.943845
0.965163
1.002899
1.010725
1.034260
0.996411
0.998540
1.031689
0.993629
1.021088
0.991640
1.012996
0.981493
0.996637
1.000746
1.008149
0.995071
0.981372
1.004918
0.993406
0.983936
0.986919
0.977087
0.988861
1.006883
0.988644
1.018914
0.976737
0.950569
0.970352
0.992000
1.016849
0.984006
0.983953
0.977989
0.982185
1.016412
1.004017
1.018853
1.008166
0.986320
1.006628
0.983298
1.010636
0.959726
0.994495
0.906073
0.980519
0.947477
1.011398
1.011955
0.963871
1.000016
0.979890
0.952330
0.984882
0.987158
1.003172
0.999368
0.934234
0.986451
0.974633
0.951815
1.009807
1.023143
1.000346
0.990282
1.009995
0.945529
1.020976
0.997403
0.972704
1.003970
0.945393
1.017685
1.000680
1.028143
0.985426
1.002077
0.989143
0.992025
1.002973
0.999263
0.990713
0.969954
0.988448
1.002193
0.994927
0.977557
0.987243
0.999410
1.005064
0.994094
0.974746
0.984356
0.998344
0.982001
1.000288
1.001613
0.992502
0.979052
1.015662
1.004110
1.017479
0.984394
0.958961
1.024408
0.987395
1.016085
0.969089
0.996342
0.970581
0.939478
0.973068
0.955126
0.993278
0.950821
1.008654
0.969549
1.001139
0.983645
1.002882
1.023240
0.956627
0.961052
0.993168
1.014153
1.010670
1.012354
0.993944
1.015531
0.986976
0.998833
0.984344
0.992759
1.034459
0.985874
1.000154
0.983282
1.022981
1.007785
0.976888
0.980608
0.990565
1.010351
1.013671
1.027426
1.010998
0.985960
1.004687
0.998932
0.980166
0.979966
0.989501
1.019778
0.994716
1.025670
1.024775
0.996707
0.962409
0.998611
0.977558
0.982478
1.022791
1.009594
1.020550
0.996612
1.015336
0.956766
0.984848
0.977479
0.933000
0.983475
0.970820
1.001452
0.985648
0.962998
0.978182
1.013700
1.010423
0.967493
1.023976
1.004675
0.985788
1.000567
1.006758
0.979745
0.982648
1.009885
0.977217
0.994587
1.013859
1.002536
0.985198
1.029497
0.970308
1.008689
0.989747
1.030608
1.023160
0.999464
0.988198
0.956450
0.976730
1.014232
0.981433
0.913460
1.014071
0.923972
1.008048
1.009488
0.979631
0.962134
1.009048
0.973940
1.027871
0.979439
1.000871
0.979808
0.997193
0.978363
0.931252
0.959810
0.988508
0.994138
0.981730
1.008636
0.961218
0.977295
1.003674
0.988484
1.010147
0.985010
0.908494
0.977018
0.980991
0.964799
0.967213
0.991552
0.949952
1.015578
0.987619
1.019065
0.987730
0.958703
1.009394
0.968174
0.990672
0.973493
0.990936
1.011872
1.024651
0.991821
0.981661
0.974346
0.989817
1.010029
1.004059
0.988309
0.970797
1.006076
1.008969
0.966339
1.000836
1.031916
1.020675
0.963778
0.959890
0.987276
0.991813
0.952304
1.011987
1.008602
0.983028
1.005610
0.968793
0.988948
1.016446
0.996659
1.014007
0.960075
1.004390
0.997763
1.004551
1.008752
0.975507
0.999138
0.960565
1.026009
0.979963
1.000191
1.003222
0.986262
1.012182
1.003303
1.025136
0.990019
0.995815
1.014275
1.005894
0.989192
1.001036
1.025309
0.998820
0.954679
1.012148
0.972682
0.971776
1.021032
0.972920
1.016003
0.954154
1.001662
1.004817
1.020733
0.977215
0.979665
1.006414
0.993796
1.021119
1.012818
1.006807
0.956410
0.984218
1.005435
1.003437
0.979199
0.995423
1.015940
1.008582
1.007791
1.021233
0.953238
0.987067
1.011374
0.985863
0.964477
1.005558
1.022225
0.954824
0.906746
1.004923
0.965722
0.805618
1.017564
0.992226
0.864746
1.013189
0.984493
0.984649
1.005578
0.952071
0.978334
0.958746
1.018253
0.986595
1.012525
0.997919
0.941678
0.984132
0.988389
1.007687
0.986309
1.011896
0.995752
1.016084
0.996985
1.003326
1.010976
0.987810
0.976607
0.999423
1.001270
0.976834
1.016208
0.976991
0.932128
0.985420
0.989713
1.028118
0.993311
1.038072
0.964957
0.989803
0.983823
1.015883
0.915358
0.957307
0.979160
0.984602
0.976255
1.009944
1.008482
1.005550
0.946326
0.988289
0.933003
0.996644
1.037673
1.004184
0.990761
0.990068
0.996781
0.978040
0.987391
0.996033
0.968938
0.962621
1.007043
0.967507
1.003653
1.006876
1.002134
0.960478
0.976919
0.961659
0.993819
0.984805
0.999000
0.931615
1.001834
1.013721
1.006587
0.963583
0.982044
0.977553
0.978883
0.975989
0.996159
1.016184
0.997346
0.929426
0.926324
0.993893
1.004331
1.016115
1.000215
0.972986
1.010643
1.003735
0.996833
1.008305
1.007971
0.993345
0.967063
0.937523
1.024772
0.986853
1.024562
1.015648
1.015018
1.006202
1.006130
1.008984
0.975208
1.013242
0.956080
0.984342
1.008972
0.916721
1.016236
0.984195
0.987917
0.993861
0.988612
0.997947
0.986612
0.991700
0.989573
0.976951
0.983025
0.983006
1.025607
1.017600
1.021725
1.004909
0.991640
0.989962
1.029860
0.923276
1.009752
0.982017
0.958928
1.019156
0.992711
0.994990
1.018980
0.966295
1.007177
0.997268
0.972990
0.944629
0.999270
0.976499
1.020683
0.992956
0.998860
0.950576
1.010571
1.024555
0.993391
0.989314
0.976667
1.015647
0.969421
0.984290
0.966080
1.023611
0.984684
0.942283
1.022277
0.983260
0.986025
0.972052
1.007979
0.989776
0.994940
0.989776
0.988294
0.950907
0.992330
1.007216
1.017424
1.014956
1.017680
0.934283
0.981655
0.979273
0.983634
1.003740
0.985609
0.988037
0.977886
0.993811
0.926592
0.983426
1.007421
0.996440
1.005709
1.000852
0.990983
1.002952
1.003678
1.017719
0.996142
0.940614
1.005414
0.997191
0.993278
0.986146
0.990845
1.023082
0.980979
0.948338
0.981455
0.979453
0.959036
1.012661
0.999669
0.997743
0.982688
1.010896
1.002370
0.908991
0.992612
1.010444
1.017140
0.957297
1.019269
0.912598
1.000174
0.991988
0.985909
0.982145
0.992546
0.977695
1.010052
1.005481
1.010687
1.022397
0.993250
1.019857
1.033499
0.996626
0.945592
0.938876
0.991447
0.982853
1.000413
0.948717
0.964201
1.000093
0.967042
1.019587
0.988716
1.010590
1.007078
0.987939
0.993352
1.011183
0.993714
0.957036
0.967123
0.989189
1.013766
0.972495
1.009965
0.996213
0.999096
1.005762
0.980320
0.977399
0.985879
1.007495
1.025739
1.002197
1.004616
0.979238
0.996580
0.967471
0.992700
0.962691
0.995218
0.985331
0.940504
0.989529
0.992174
0.984930
0.977673
1.001774
0.985444
0.987512
1.001179
0.997735
0.963599
0.999868
0.931538
1.015690
1.020357
0.951714
0.978920
1.028272
0.949038
1.001608
0.994600
0.957457
1.016616
1.008254
1.018996
0.888791
1.008747
1.004731
0.993530
1.002089
0.928883
0.975308
0.985094
1.024738
0.953614
0.986708
1.003408
0.990279
0.985423
1.012681
1.010135
0.996095
0.959817
1.003371
0.989838
0.967679
0.973538
0.959035
0.998448
0.952758
0.969073
1.011949
0.950088
1.019096
0.965311
1.026642
0.957932
0.981267
0.983851
0.991126
0.985533
0.978561
1.002189
1.010911
1.003889
0.972263
1.005782
0.964411
0.973259
0.940218
1.008628
0.959001
0.997564
0.988338
1.006774
1.000316
1.008639
0.991416
0.983706
0.960373
0.967897
1.000161
0.979257
0.941565
0.973045
0.982870
1.003815
1.029595
0.993591
0.996934
0.956793
0.972796
0.998989
0.954057
0.997213
0.988911
1.002702
0.973956
1.014254
0.994028
1.001983
1.014043
1.006788
0.996671
1.001321
1.000208
0.984045
0.996230
0.940528
0.980015
0.977341
1.003411
1.004302
0.916095
0.992806
0.947676
0.964510
1.024216
1.002965
0.968160
0.954516
0.940438
1.006195
0.982015
0.931022
1.005774
0.983010
0.997120
0.975607
0.954105
1.014305
0.993852
1.001744
0.991835
0.999231
0.975537
1.009185
0.998420
0.973523
1.013765
0.968974
0.981739
1.006257
1.023219
0.975339
0.966184
0.974213
0.962825
0.941610
1.014566
1.012621
1.013166
0.971303
0.967827
0.987272
0.963441
0.970965
0.992511
0.948961
1.024939
1.024743
0.995708
0.983095
0.975252
1.005562
0.991995
0.979303
1.004763
0.994775
0.940252
1.004815
0.971432
1.000310
0.942060
1.009335
0.995959
1.003172
1.003825
1.009095
1.001972
1.008324
0.982137
0.988161
0.934457
0.982137
0.978946
1.000338
0.980060
1.004205
1.018876
0.960746
0.962478
1.011702
0.995750
0.995138
1.013446
0.973483
1.013902
0.994231
0.993515
0.967648
1.007916
1.014311
0.998415
0.964434
0.987438
0.962152
1.017400
1.018468
0.991715
0.956953
1.000276
0.980789
1.009820
0.990645
1.029928
0.980708
1.008569
0.999461
0.977995
1.000079
1.007696
0.991399
0.993646
1.010622
1.016384
0.999253
1.010209
0.982259
0.960595
0.970207
0.977095
0.990569
0.954248
1.008178
1.001516
0.989788
0.973444
0.980775
0.955505
1.000104
0.975849
0.945524
1.007211
0.986648
0.993115
1.008273
1.022078
0.994619
0.957433
1.004004
0.976189
1.016229
0.988813
1.013164
0.979370
0.994405
0.994724
0.995717
0.958034
1.000849
0.989828
1.016623
0.992505
0.963829
1.011467
0.974124
0.980285
0.943669
1.001829
1.023795
1.022513
0.980656
0.990040
0.942935
0.959903
0.985914
0.980765
0.920270
0.981838
1.012980
0.988910
1.005146
0.980469
0.992031
1.014322
0.992773
0.985459
1.019619
0.916278
1.024102
0.984773
1.013274
0.956536
1.001116
1.019701
1.010094
1.013184
1.030608
0.967173
0.987111
0.982464
0.977683
0.998473
1.010488
0.999969
0.926460
1.000046
0.980999
1.031100
1.008414
0.991344
0.997681
1.022557
1.006762
0.958056
0.988207
1.004172
1.015480
0.920376
0.985374
0.953691
0.971530
1.012532
0.951038
0.983942
1.010134
1.017193
1.001923
1.009760
0.982747
0.973053
0.996241
0.957097
0.973713
0.997827
0.970604
0.995006
0.979900
0.973657
0.961234
0.937419
0.997598
0.995062
0.995475
1.017476
0.942758
0.978990
0.969480
0.999683
0.975218
0.995394
0.964239
0.980765
0.979011
0.994777
1.000997
1.004482
1.000380
1.007159
0.997072
1.005795
0.990521
1.004396
0.968784
0.945838
1.001402
0.921320
1.005958
0.997280
1.007059
0.989295
0.975050
0.981135
1.011876
1.008570
0.960124
0.984358
0.969667
1.000591
0.988723
1.018008
1.007577
0.991760
0.975130
0.968179
1.025229
0.977708
0.976082
0.978847
0.986804
0.996301
1.002123
1.008364
1.011501
0.950778
0.991805
0.992176
1.020849
0.978496
1.011980
0.994536
0.975316
0.990463
1.020969
1.012487
0.963205
0.985501
0.951017
0.988611
0.984188
0.998325
0.997121
0.965950
1.026834
0.979604
0.996153
1.001651
1.002128
1.004227
1.024583
1.001097
0.991106
0.994048
0.983775
0.994362
1.010159
0.996695
0.964158
0.990243
0.977360
0.980700
1.014176
0.980772
0.980854
0.994441
0.981276
0.986143
1.005140
0.951468
1.007939
0.986058
1.005008
0.982509
1.006365
0.962403
0.959961
0.998905
1.014160
1.003992
1.015059
0.971515
0.963564
1.015528
1.007115
1.029645
1.011490
1.000474
1.013347
1.011248
1.020945
0.997934
0.946532
0.986621
0.909946
0.986156
1.008484
1.002131
0.995158
0.980369
1.022411
1.014272
0.925241
0.993233
1.010759
1.010479
0.994802
0.966136
0.924039
0.972157
0.986503
0.985242
1.013766
1.001646
0.970530
1.007623
0.984215
1.030308
0.996167
0.958458
0.991997
1.006723
1.001389
1.021190
0.953714
0.961766
1.006266
0.993143
0.969613
0.999976
1.025567
0.979134
0.975233
0.951872
0.989954
1.003665
1.007139
0.990702
0.996006
0.904686
0.931407
1.011946
0.941743
0.890031
0.988009
0.961380
1.022177
0.996120
1.007511
0.982501
1.017151
0.963908
0.973659
0.988470
0.982494
1.016662
1.004173
0.964741
1.003727
0.995040
0.988197
0.991018
0.986796
0.992098
0.957693
0.999890
0.961957
0.976408
0.987265
1.009760
0.997505
0.979791
0.971890
0.989658
0.976429
0.976354
0.983203
1.005095
1.010122
0.944203
0.997224
1.004569
0.979756
0.994062
0.982979
0.935709
0.950715
0.977452
0.987299
1.014572
1.022811
0.982163
1.020181
0.988442
1.000079
0.915637
1.002712
0.999692
0.948125
0.983704
0.990302
0.993898
0.984250
1.019249
0.975717
0.989625
1.014434
1.008262
0.994584
0.982365
1.008201
1.003889
0.987414
1.008009
0.923599
0.983637
1.006471
0.997777
0.958824
0.989397
0.982645
0.998502
0.963483
1.003416
1.004627
0.970754
0.973289
0.978782
0.995881
0.992605
0.984833
1.005746
1.010959
1.015653
1.004692
0.964839
0.970356
0.995842
1.002915
1.004870
1.001087
1.015154
0.970037
0.994485
0.987452
0.995444
0.990077
0.988050
0.996895
1.004494
0.989027
0.992769
0.964485
1.014585
0.985085
1.035615
0.994941
1.013044
1.007634
0.979564
1.011436
1.001232
0.998948
1.022772
0.983715
0.963381
1.002077
0.983944
0.951511
1.007661
1.014080
1.002114
0.981582
1.002813
0.954103
1.010640
1.011952
0.985547
1.010858
0.977970
0.994541
0.982090
0.994734
0.971141
1.009996
1.000040
1.011899
0.993355
1.008010
0.988130
0.988557
0.990726
1.002556
1.009782
1.005800
0.945734
1.003770
1.005723
1.004282
0.973571
0.991520
0.997069
0.966839
0.976168
0.982908
0.947775
1.007231
1.001101
1.009159
1.001750
0.988305
1.008595
0.917272
1.019362
0.962560
