668.143398
677.273874
687.197919
696.484259
706.109345
715.115181
725.105524
733.522938
742.915126
752.587682
761.539565
770.077631
778.966703
787.949504
796.846451
805.536538
813.918074
823.005540
832.473333
841.916978
850.742679
859.553333
868.931945
877.988152
886.480638
895.042291
903.668548
912.524909
921.228311
930.097082
938.381041
946.517632
956.137615
964.927744
973.464254
982.245886
991.126499
999.760045
1008.828529
1018.027087
1027.282819
1035.943670
1043.258694
1051.606226
1061.092751
1069.521042
1078.711595
1087.779922
1096.470877
1105.049507
1113.726496
1122.945858
1131.644345
1140.385660
1149.809981
1158.955596
1167.843288
1177.602204
1186.524821
1196.430055
1206.505564
